# Time (seconds) Download Time (seconds) Size (bytes)
1297461970.706041 0.407268 8978
1297461971.113405 0.387091 8982
1297461971.500560 0.396010 8964
1297461971.896641 0.400276 8964
1297461972.296983 0.394187 8964
1297461972.691235 0.384009 8960
1297461973.075308 0.341993 8964
1297461973.417367 0.356569 8982
1297461973.774001 0.352116 8964
1297461974.126183 0.369872 8964
1297461974.496120 0.427164 8982
1297461974.923350 0.501754 8964
1297461975.425169 0.410537 8964
1297461975.835771 0.437514 8964
1297461976.273351 0.467853 8964
1297461976.741270 0.372214 8964
1297461977.113550 0.348746 8964
1297461977.462361 0.482135 8982
1297461977.944581 0.404472 8964
1297461978.349119 0.469219 8964
1297461978.818403 0.363625 8964
1297461979.182096 0.371025 8982
1297461979.553187 0.417406 8964
1297461979.970658 0.416105 8964
1297461980.386828 0.436128 8964
1297461980.823026 0.356734 8964
1297461981.179825 0.568492 8964
1297461981.748385 0.389015 8964
1297461982.137468 0.417130 8964
1297461982.554664 0.451189 8964
1297461983.005919 0.402328 8964
1297461983.408312 0.460966 8964
1297461983.869343 0.448307 8964
1297461984.317719 0.415456 8964
1297461984.733250 0.356953 8964
1297461985.090268 0.414939 8964
1297461985.505272 0.409591 8982
1297461985.914927 0.461081 8964
1297461986.376073 0.425713 8964
1297461986.801853 0.512153 8982
1297461987.314070 0.526852 8964
1297461987.840990 0.440708 8964
1297461988.281767 0.445317 8964
1297461988.727151 0.433719 8964
1297461989.160935 0.426597 8964
1297461989.587598 0.516178 8960
1297461990.103842 0.396305 8964
1297461990.500212 0.400536 8964
1297461990.900813 0.493904 8982
1297461991.394783 0.378563 8964
1297461991.773412 0.492237 8964
1297461992.265715 0.634874 8964
1297461992.900659 0.465498 8964
1297461993.366234 0.411613 8964
1297461993.777912 0.354992 8964
1297461994.132970 0.425688 8964
1297461994.558723 0.456344 8964
1297461995.015134 0.369432 8964
1297461995.384631 0.419296 8964
1297461995.803993 0.453157 8964
1297461996.257214 0.371077 8964
1297461996.628357 0.522448 8964
1297461997.150871 0.640851 8982
1297461997.791788 0.377586 8964
1297461998.169444 0.408650 8964
1297461998.578159 0.349217 8964
1297461998.927444 0.362201 8964
1297461999.289679 0.442902 8964
1297461999.732644 0.494779 8964
1297462000.227489 0.481589 8964
1297462000.709144 0.456511 8964
1297462001.165719 0.366752 8964
1297462001.532537 0.420758 8964
1297462001.953361 0.350607 8964
1297462002.304036 0.433312 8964
1297462002.737415 0.395132 8964
1297462003.132612 0.438214 8982
1297462003.570892 0.442082 8964
1297462004.013039 0.436918 8982
1297462004.450024 0.375461 8964
1297462004.825516 0.455806 8964
1297462005.281388 0.380114 8964
1297462005.661568 0.426017 8964
1297462006.087651 0.363168 8964
1297462006.450884 0.368251 8964
1297462006.819201 0.463767 8964
1297462007.283039 0.390231 8964
1297462007.673336 0.429393 8960
1297462008.102794 0.398699 8982
1297462008.501559 0.472028 8964
1297462008.973656 0.664026 8964
1297462009.637750 0.755737 8964
1297462010.393518 0.495177 8964
1297462010.888765 0.609191 8964
1297462011.498024 0.618243 8964
1297462012.116331 0.615325 8964
1297462012.731722 0.733995 8964
1297462013.465782 0.618809 8964
1297462014.084656 0.382336 8964
1297462014.467057 0.450886 8964
